0 0.060567 0.801316 0.121134 0.120149
0 0.680775 0.628758 0.118740 0.079012
1 0.031801 0.610662 0.063601 0.054681
1 0.137708 0.668423 0.083217 0.069523
0 0.376102 0.491777 0.070604 0.045283
5 0.727222 0.390475 0.350930 0.056550
1 0.328211 0.505685 0.051241 0.041531
1 0.225841 0.491882 0.045197 0.037928
1 0.254962 0.460419 0.043037 0.031905
2 0.329877 0.457668 0.032812 0.030920
1 0.318998 0.434904 0.036895 0.022992
3 0.055218 0.503100 0.036559 0.028846
3 0.186668 0.485025 0.030293 0.028902
0 0.011197 0.463655 0.022394 0.032898
3 0.131025 0.474650 0.031551 0.023244
1 0.190057 0.457132 0.034877 0.025690
3 0.169450 0.446917 0.020290 0.016889
