0 0.515020 0.271687 0.046334 0.030165
0 0.823946 0.237868 0.090738 0.049105
0 0.434658 0.329725 0.062054 0.052984
3 0.329578 0.307429 0.018366 0.018013
3 0.225139 0.328523 0.019501 0.017607
2 0.020592 0.376349 0.037034 0.034026
1 0.287282 0.334450 0.042374 0.033890
1 0.191583 0.340548 0.033774 0.027666
2 0.445456 0.279542 0.025461 0.022407
1 0.372827 0.298574 0.035095 0.026814
1 0.420071 0.279930 0.025404 0.021160
1 0.477855 0.281158 0.035974 0.029777
0 0.134148 0.334417 0.033590 0.018318
1 0.310233 0.303112 0.022569 0.019714
2 0.138952 0.354712 0.033742 0.028912
3 0.289291 0.308063 0.019421 0.016167
3 0.270246 0.315118 0.018946 0.013502
1 0.328597 0.306911 0.017726 0.018626
