0 0.292957 0.353922 0.072726 0.060686
0 0.695286 0.284024 0.090016 0.045378
3 0.080967 0.333655 0.022443 0.018754
0 0.387939 0.292654 0.047940 0.029365
1 0.351087 0.301037 0.037150 0.029140
1 0.143422 0.345788 0.050136 0.036401
1 0.292714 0.294887 0.022937 0.019607
2 0.317732 0.295411 0.024630 0.021377
1 0.039941 0.344006 0.038823 0.029818
1 0.175456 0.312499 0.024077 0.020998
3 0.195726 0.317045 0.017941 0.017377
1 0.240916 0.311964 0.035133 0.024569
3 0.153607 0.315573 0.020164 0.016230
3 0.131787 0.322289 0.023189 0.016556
1 0.249350 0.305027 0.028399 0.024764
1 0.316792 0.295999 0.023731 0.022819
