2 0.577822 0.711697 0.127515 0.139093
2 0.869678 0.803228 0.141044 0.165035
1 0.633261 0.512613 0.078337 0.080381
0 0.606033 0.371718 0.073262 0.050414
1 0.462041 0.414692 0.060248 0.063639
1 0.204981 0.409566 0.061509 0.059135
2 0.687693 0.555244 0.095205 0.081476
1 0.660442 0.382944 0.052414 0.053691
5 0.223640 0.311382 0.397406 0.074164
2 0.282614 0.383662 0.055240 0.055611
3 0.275109 0.441826 0.054950 0.049474
1 0.046681 0.386746 0.051490 0.054963
3 0.046672 0.475208 0.053685 0.057847
3 0.274279 0.508776 0.063582 0.060655
1 0.006630 0.441598 0.013199 0.062841
