5 0.689907 0.478096 0.268828 0.030444
0 0.072882 0.531867 0.045230 0.027755
1 0.314156 0.522366 0.022008 0.017907
1 0.412623 0.530839 0.033923 0.021587
1 0.501542 0.521073 0.039062 0.026727
1 0.550370 0.529811 0.029811 0.025699
0 0.600740 0.535465 0.044202 0.034951
0 0.350432 0.542146 0.047286 0.029811
1 0.388980 0.539062 0.023643 0.029811
3 0.302570 0.535297 0.019767 0.018355
1 0.262331 0.528944 0.024002 0.022590
1 0.225621 0.527532 0.022120 0.021649
2 0.533259 0.505580 0.017411 0.021875
2 0.554464 0.503795 0.025000 0.020089
2 0.577455 0.500670 0.017411 0.020982
