0 0.691286 0.275987 0.087873 0.048136
0 0.288712 0.347601 0.069639 0.057506
0 0.383836 0.285367 0.046773 0.031112
1 0.236603 0.302260 0.035702 0.026890
3 0.074569 0.325384 0.022041 0.018079
1 0.345257 0.293670 0.032852 0.028495
1 0.035766 0.337496 0.036326 0.029754
1 0.137754 0.338663 0.048375 0.035362
1 0.169676 0.305234 0.022220 0.020067
2 0.313669 0.288699 0.024597 0.021895
3 0.146225 0.306230 0.016996 0.015139
1 0.289087 0.288209 0.024830 0.019797
3 0.189859 0.309223 0.018592 0.018461
3 0.125416 0.312612 0.021898 0.016031
1 0.313093 0.289663 0.026713 0.023409
