0 0.644333 0.358735 0.086989 0.043886
0 0.342351 0.366711 0.046480 0.028766
0 0.244243 0.431692 0.073296 0.057535
2 0.272153 0.368816 0.025620 0.022474
1 0.093897 0.421130 0.051106 0.035224
3 0.031551 0.407135 0.022964 0.018998
1 0.303811 0.374634 0.035896 0.029475
1 0.246591 0.367660 0.025905 0.021467
3 0.147443 0.390999 0.019037 0.018808
3 0.104755 0.388897 0.018671 0.017269
1 0.193904 0.384998 0.033806 0.026141
3 0.082958 0.395410 0.023960 0.017840
1 0.127498 0.385679 0.024188 0.021143
1 0.004505 0.417699 0.009011 0.030631
1 0.201708 0.379726 0.028864 0.026620
