0 0.075550 0.756162 0.116549 0.105208
0 0.647915 0.620465 0.109773 0.069113
1 0.131050 0.649980 0.078508 0.065213
0 0.335435 0.506095 0.065857 0.044742
1 0.019088 0.601942 0.038176 0.052725
5 0.658549 0.428132 0.321885 0.051380
2 0.280959 0.476946 0.032522 0.030292
1 0.288495 0.516781 0.046817 0.040733
3 0.136922 0.497218 0.028100 0.027134
1 0.135398 0.473063 0.032066 0.024967
1 0.264031 0.456035 0.031966 0.023112
1 0.179899 0.504509 0.040084 0.034972
3 0.077043 0.486824 0.027304 0.021171
3 0.011182 0.510205 0.022363 0.029019
1 0.205405 0.477985 0.037599 0.029500
3 0.112325 0.465990 0.019402 0.017616
