0 0.661007 0.352417 0.087505 0.047223
0 0.261939 0.430119 0.069996 0.056063
3 0.049517 0.409428 0.021666 0.018920
0 0.358285 0.364609 0.047556 0.030723
1 0.112624 0.421475 0.049587 0.037346
1 0.014265 0.420882 0.028530 0.029056
1 0.211511 0.385618 0.035049 0.025608
1 0.320078 0.372982 0.035535 0.028445
2 0.287933 0.368540 0.024289 0.021095
1 0.263533 0.368060 0.023911 0.019711
1 0.144502 0.386999 0.022561 0.019631
3 0.164917 0.391162 0.019798 0.017583
3 0.125031 0.390931 0.020335 0.016386
3 0.099462 0.396234 0.022951 0.018251
1 0.287193 0.368592 0.025165 0.021864
