0 0.713661 0.350460 0.087446 0.046870
0 0.305459 0.417097 0.070274 0.059276
0 0.408718 0.349314 0.046729 0.030780
3 0.104669 0.381202 0.021454 0.018285
1 0.162913 0.398625 0.047832 0.036178
1 0.316875 0.346776 0.022072 0.019205
0 0.014132 0.378482 0.028036 0.020231
3 0.218050 0.367875 0.017162 0.016567
1 0.371945 0.356317 0.034017 0.028168
1 0.064360 0.393141 0.037203 0.029333
3 0.155329 0.371164 0.022567 0.017203
2 0.340073 0.349864 0.024921 0.022315
1 0.262632 0.363365 0.033257 0.025330
1 0.199257 0.361914 0.021604 0.019033
3 0.179202 0.363966 0.017443 0.015410
2 0.012505 0.404215 0.024051 0.028362
