0 0.685090 0.379868 0.086712 0.045963
0 0.279724 0.447745 0.070710 0.058400
0 0.382867 0.378438 0.047445 0.030204
3 0.074948 0.412467 0.023512 0.019412
1 0.289719 0.376575 0.024004 0.020031
1 0.343787 0.386225 0.033418 0.029381
1 0.238059 0.392914 0.037250 0.028284
1 0.034517 0.424552 0.035922 0.028624
3 0.190014 0.397495 0.019101 0.019369
1 0.134060 0.430203 0.049015 0.034670
2 0.313796 0.378713 0.023228 0.021132
3 0.125766 0.400436 0.022800 0.016728
1 0.171775 0.392986 0.023405 0.020346
3 0.149207 0.393541 0.015761 0.015094
