0 0.813754 0.542798 0.086892 0.042273
0 0.109200 0.556132 0.034012 0.018191
3 0.312355 0.550555 0.018040 0.016233
3 0.204773 0.561524 0.020694 0.018245
0 0.499714 0.537247 0.043609 0.026102
1 0.271196 0.577230 0.043670 0.033082
0 0.423896 0.593909 0.061610 0.055912
1 0.463514 0.542791 0.035521 0.028251
2 0.113054 0.579303 0.033971 0.027848
2 0.429873 0.536834 0.024766 0.020787
1 0.404774 0.535190 0.022963 0.019466
1 0.358502 0.546626 0.032681 0.025751
1 0.169502 0.570012 0.033399 0.026938
1 0.293216 0.545889 0.022829 0.019926
3 0.271025 0.548172 0.018201 0.015126
3 0.250795 0.553193 0.018563 0.014581
