2 0.950473 0.511468 0.079390 0.089196
5 0.284070 0.351117 0.348059 0.061572
1 0.240506 0.397096 0.050582 0.037631
1 0.842422 0.426194 0.068828 0.063718
0 0.700714 0.362563 0.064335 0.040017
2 0.914103 0.442937 0.064127 0.069538
1 0.402841 0.403295 0.048949 0.044739
3 0.341405 0.446716 0.050680 0.047778
2 0.444100 0.388048 0.041489 0.042904
3 0.076786 0.454392 0.049993 0.041235
1 0.620919 0.390729 0.054108 0.050349
1 0.251979 0.431507 0.063926 0.052581
1 0.756235 0.364803 0.044536 0.044673
3 0.562403 0.448736 0.050734 0.046234
3 0.489834 0.417949 0.039629 0.037976
