0 0.416533 0.317709 0.046498 0.028739
0 0.723155 0.311998 0.086822 0.047141
0 0.319953 0.381264 0.072196 0.058867
1 0.173448 0.370086 0.049798 0.035609
3 0.112429 0.355241 0.021006 0.018968
2 0.347224 0.319461 0.023770 0.021077
1 0.378275 0.325233 0.035543 0.029465
1 0.205885 0.335037 0.021642 0.019185
3 0.161196 0.344493 0.022172 0.017687
3 0.225855 0.340170 0.018755 0.017706
1 0.270264 0.335407 0.031702 0.025492
1 0.074307 0.367601 0.037207 0.029844
2 0.016960 0.379287 0.032445 0.031012
1 0.322153 0.318924 0.024278 0.019450
3 0.185748 0.338208 0.017309 0.015824
0 0.019375 0.356129 0.035161 0.019259
1 0.277931 0.329104 0.026987 0.024523
