0 0.247905 0.431952 0.071299 0.058490
0 0.344221 0.367907 0.047730 0.029850
0 0.648975 0.360758 0.086627 0.045379
2 0.274340 0.370634 0.024331 0.020866
1 0.095761 0.421571 0.051672 0.036917
1 0.196726 0.386597 0.033862 0.026272
3 0.150085 0.391750 0.019672 0.018193
3 0.033228 0.408509 0.023706 0.020535
1 0.130268 0.387067 0.024008 0.020022
1 0.249386 0.370047 0.023469 0.019101
3 0.106436 0.390006 0.018160 0.017214
1 0.307121 0.376107 0.036451 0.028642
3 0.084276 0.395142 0.023862 0.019285
1 0.005379 0.419278 0.010656 0.028598
