1 0.581788 0.375845 0.054442 0.051893
2 0.957303 0.488889 0.082268 0.089491
3 0.028182 0.483652 0.051605 0.046861
1 0.819432 0.403430 0.072057 0.062540
1 0.207553 0.446071 0.069846 0.052166
5 0.201078 0.347320 0.374171 0.072366
1 0.186744 0.405383 0.060570 0.045783
2 0.897932 0.418503 0.067485 0.072861
0 0.650227 0.337392 0.065941 0.042193
3 0.543726 0.441933 0.054185 0.046760
3 0.454549 0.411767 0.046421 0.040607
1 0.361185 0.403220 0.050314 0.044929
3 0.309020 0.454513 0.050728 0.048974
2 0.398871 0.382095 0.041753 0.040741
1 0.706466 0.338783 0.043416 0.043044
