1 0.670392 0.503692 0.081004 0.072806
1 0.025535 0.493626 0.051070 0.065515
0 0.590852 0.378989 0.071445 0.044742
2 0.694616 0.683520 0.089789 0.118095
2 0.735649 0.534426 0.081879 0.081612
1 0.223199 0.444579 0.062117 0.055600
2 0.955913 0.726273 0.085049 0.136126
1 0.472593 0.430465 0.059199 0.059465
5 0.193252 0.347085 0.385983 0.073326
1 0.647022 0.385625 0.046158 0.049147
2 0.287373 0.413721 0.053358 0.056489
1 0.056213 0.435307 0.053053 0.049588
3 0.329134 0.530426 0.061999 0.055568
3 0.302125 0.469694 0.054305 0.046696
3 0.095869 0.519264 0.052195 0.054768
