0 0.732085 0.294015 0.092245 0.045804
0 0.328656 0.366074 0.070101 0.056302
2 0.023614 0.365710 0.038071 0.031752
1 0.330334 0.304062 0.026289 0.021297
1 0.084147 0.353654 0.034786 0.025937
0 0.426045 0.302902 0.048292 0.030584
2 0.355443 0.305240 0.023904 0.022721
1 0.387013 0.310633 0.035186 0.029453
1 0.214647 0.321123 0.023213 0.020020
3 0.121648 0.341776 0.021373 0.018374
3 0.234673 0.326127 0.018602 0.017135
1 0.282393 0.317631 0.037508 0.026209
1 0.182849 0.354562 0.051511 0.035626
3 0.193058 0.323807 0.018045 0.015194
3 0.171298 0.328831 0.025541 0.015001
2 0.005952 0.365897 0.011904 0.033222
0 0.022670 0.341463 0.033259 0.017977
