0 0.717717 0.346470 0.086933 0.046207
0 0.307110 0.405351 0.068983 0.057768
3 0.115918 0.358175 0.021998 0.018953
0 0.418172 0.333862 0.047621 0.029869
3 0.227807 0.347500 0.019938 0.018572
1 0.170133 0.378805 0.050086 0.035586
2 0.017210 0.379431 0.032708 0.032204
1 0.327962 0.327614 0.023465 0.020080
3 0.165182 0.348620 0.023054 0.016691
1 0.380883 0.340373 0.035425 0.029478
1 0.273827 0.344207 0.033376 0.026247
1 0.074843 0.369767 0.037096 0.029723
0 0.022196 0.352349 0.036345 0.021161
1 0.212936 0.340054 0.022504 0.020478
3 0.189903 0.340855 0.017349 0.016896
2 0.351028 0.330952 0.022117 0.020462
1 0.302419 0.371548 0.057717 0.029202
