0 0.728572 0.291719 0.089060 0.046045
0 0.326898 0.364340 0.069112 0.055742
0 0.420759 0.300661 0.046069 0.029775
3 0.118189 0.339836 0.022215 0.018028
1 0.326461 0.301287 0.022763 0.020768
3 0.229266 0.324035 0.019651 0.018415
2 0.020262 0.363540 0.034955 0.030467
1 0.275976 0.317424 0.036046 0.027448
1 0.211590 0.318526 0.022796 0.019204
1 0.179238 0.354656 0.048356 0.033146
1 0.078353 0.351328 0.037250 0.028790
1 0.383444 0.308351 0.035641 0.030253
2 0.351202 0.304009 0.024061 0.022259
3 0.167429 0.327772 0.020481 0.014110
3 0.189965 0.323111 0.019182 0.014437
