0 0.705625 0.367132 0.091962 0.047323
0 0.291414 0.450865 0.073987 0.059663
1 0.156841 0.419083 0.054065 0.041887
0 0.406699 0.361384 0.047635 0.030582
3 0.104911 0.395430 0.022943 0.018753
3 0.156287 0.381245 0.022289 0.016908
1 0.288359 0.412369 0.061436 0.032373
1 0.201324 0.370530 0.022698 0.020091
1 0.261403 0.375367 0.034011 0.025471
1 0.368323 0.367884 0.035698 0.029764
1 0.317395 0.353330 0.023227 0.019953
0 0.017124 0.390602 0.031802 0.023252
3 0.218537 0.378824 0.019646 0.017116
3 0.180157 0.372439 0.016932 0.014675
2 0.011793 0.423599 0.022932 0.036158
1 0.062325 0.410291 0.038376 0.031682
2 0.340031 0.355753 0.023667 0.021960
1 0.341075 0.357690 0.025591 0.021948
1 0.266859 0.367168 0.038496 0.026362
