0 0.209396 0.638151 0.097257 0.088937
0 0.719471 0.547085 0.105030 0.063293
1 0.240760 0.554110 0.071936 0.056989
1 0.112556 0.509655 0.063996 0.049146
5 0.720881 0.377818 0.321027 0.051153
0 0.411520 0.436716 0.061889 0.040105
1 0.038565 0.456527 0.047359 0.037024
1 0.367873 0.445032 0.043979 0.039802
2 0.353809 0.409727 0.031526 0.029691
1 0.336414 0.392252 0.029974 0.022897
0 0.022231 0.398840 0.044454 0.029709
1 0.262628 0.430672 0.039774 0.033919
3 0.161046 0.413770 0.023370 0.020174
3 0.219373 0.424189 0.026238 0.025352
1 0.214401 0.401650 0.031300 0.024014
3 0.095864 0.432144 0.029685 0.023899
1 0.281380 0.408047 0.033310 0.027722
3 0.191693 0.395168 0.018463 0.017376
