1 0.256722 0.496977 0.074232 0.059449
1 0.407069 0.444373 0.050644 0.048277
1 0.916140 0.443247 0.077625 0.063948
1 0.215429 0.450309 0.061528 0.047404
0 0.690450 0.365949 0.069924 0.045379
3 0.067635 0.544984 0.053806 0.050656
3 0.629559 0.489216 0.059412 0.047700
1 0.749601 0.367785 0.041871 0.047888
3 0.373497 0.506328 0.054884 0.048085
1 0.638868 0.411102 0.055379 0.053960
5 0.202405 0.378229 0.377789 0.074237
3 0.514065 0.454726 0.048454 0.042780
2 0.988881 0.458567 0.019113 0.074531
2 0.438180 0.418043 0.040365 0.041234
1 0.206648 0.377732 0.388829 0.067406
