0 0.678820 0.334304 0.087378 0.045229
0 0.283233 0.405499 0.068874 0.055943
2 0.306597 0.343977 0.024561 0.022433
1 0.338844 0.348918 0.036154 0.029862
0 0.376590 0.341592 0.048008 0.029959
1 0.030257 0.392793 0.037805 0.029178
3 0.070013 0.381102 0.021941 0.018271
1 0.280950 0.342995 0.025353 0.020529
1 0.133208 0.394322 0.049234 0.035325
1 0.164287 0.360085 0.022303 0.019520
3 0.142008 0.362761 0.018251 0.015464
3 0.120882 0.368253 0.023355 0.016677
3 0.184008 0.365075 0.017877 0.017647
1 0.233222 0.357803 0.034017 0.026836
