1 0.743672 0.498278 0.082714 0.071023
1 0.117610 0.452843 0.055243 0.046731
2 0.818660 0.660953 0.082098 0.111604
2 0.339745 0.428319 0.052518 0.048268
1 0.093882 0.509264 0.076367 0.058716
0 0.630714 0.384171 0.071801 0.043325
2 0.815679 0.526542 0.077761 0.081167
5 0.214118 0.366952 0.384084 0.075830
1 0.285284 0.458715 0.060315 0.053780
1 0.527943 0.436421 0.058407 0.056212
3 0.418992 0.533621 0.060337 0.052943
1 0.687208 0.390457 0.045154 0.046095
3 0.368949 0.478105 0.051131 0.044035
3 0.182381 0.530650 0.053993 0.051262
