0 0.160983 0.537637 0.038207 0.025091
1 0.314952 0.533645 0.025661 0.018248
1 0.403627 0.529653 0.030794 0.020529
3 0.398209 0.544765 0.019959 0.017678
0 0.452905 0.553259 0.044008 0.032624
1 0.510550 0.541629 0.025661 0.026232
1 0.488310 0.552749 0.027943 0.030224
1 0.601791 0.530794 0.030224 0.029653
3 0.339188 0.542199 0.014827 0.014827
1 0.356866 0.538207 0.025091 0.023951
0 0.712658 0.542588 0.043434 0.036101
1 0.655968 0.537793 0.029332 0.028768
2 0.628328 0.507615 0.022563 0.020307
2 0.653712 0.510718 0.023691 0.025384
2 0.671480 0.506487 0.019743 0.021435
0 0.690095 0.526230 0.033281 0.024819
5 0.780347 0.482514 0.262297 0.025384
