0 0.661536 0.361453 0.087941 0.045927
0 0.356264 0.369949 0.049231 0.029317
0 0.261828 0.434374 0.069816 0.053945
2 0.287708 0.373695 0.024479 0.020984
3 0.047894 0.410706 0.023247 0.019384
1 0.144242 0.389466 0.022798 0.018935
1 0.110421 0.422877 0.050181 0.037018
1 0.210304 0.389150 0.032512 0.024830
1 0.013383 0.421301 0.026767 0.028622
3 0.163733 0.393616 0.019490 0.017998
3 0.122226 0.391907 0.020310 0.016085
1 0.263105 0.371581 0.023613 0.019599
1 0.320563 0.378364 0.037277 0.028186
3 0.098324 0.397585 0.022633 0.016997
