2 0.940588 0.497874 0.082265 0.093091
1 0.218175 0.394899 0.064159 0.052268
5 0.269735 0.308618 0.350900 0.061086
1 0.613221 0.356306 0.055461 0.052139
0 0.698815 0.327055 0.065699 0.041556
1 0.835984 0.400323 0.073963 0.066587
1 0.384675 0.366194 0.048578 0.049669
2 0.910214 0.419292 0.068830 0.072840
1 0.756917 0.329742 0.046638 0.043079
3 0.036622 0.416657 0.050496 0.042988
3 0.540725 0.419257 0.052337 0.048810
2 0.430739 0.351506 0.043892 0.044192
3 0.311975 0.411608 0.052282 0.045053
3 0.472750 0.382119 0.041928 0.037607
1 0.219828 0.356436 0.051270 0.037744
