0 0.404908 0.534367 0.081842 0.073190
0 0.873400 0.455397 0.102456 0.055737
1 0.420543 0.475096 0.063090 0.049187
5 0.851026 0.324396 0.293933 0.045134
0 0.563723 0.385335 0.056044 0.036486
2 0.505184 0.366933 0.026842 0.024824
1 0.298984 0.450283 0.059448 0.045350
1 0.370964 0.367289 0.025242 0.020566
2 0.166735 0.424723 0.044238 0.039283
1 0.421661 0.387137 0.038260 0.032504
0 0.194006 0.375399 0.041895 0.026893
2 0.048860 0.429228 0.042116 0.037224
1 0.223909 0.415476 0.042425 0.036116
1 0.484468 0.355543 0.026659 0.020142
3 0.269473 0.396101 0.027310 0.021744
1 0.521725 0.392814 0.042907 0.036654
3 0.323959 0.378899 0.021296 0.018769
3 0.379709 0.384832 0.022515 0.020926
1 0.435827 0.368814 0.031197 0.023276
3 0.350802 0.366448 0.017375 0.013929
